0.0046749115 0.0053601265 -5.960464e-05
2.004675 0.0053601265 -5.960464e-05
0.0046749115 2.0053601 -5.960464e-05
2.004675 2.0053601 -5.960464e-05
0.0046749115 1.0053601 -5.960464e-05
1.0046749 0.0053601265 -5.960464e-05
2.004675 1.0053601 -5.960464e-05
1.0046749 2.0053601 -5.960464e-05
1.0046749 1.0053601 -5.960464e-05
0.0046749115 0.5053601 -5.960464e-05
1.5046749 0.0053601265 -5.960464e-05
2.004675 1.5053601 -5.960464e-05
0.5046749 2.0053601 -5.960464e-05
0.0046749115 1.5053601 -5.960464e-05
0.5046749 0.0053601265 -5.960464e-05
2.004675 0.5053601 -5.960464e-05
1.5046749 2.0053601 -5.960464e-05
0.991834 1.5053601 0.22793002
1.0046749 0.5053601 -5.960464e-05
0.5046749 1.0053601 -5.960464e-05
1.5046749 1.0053601 -5.960464e-05
1.5046749 0.5053601 -5.960464e-05
0.5046749 0.5053601 -5.960464e-05
1.5046749 1.5053601 -5.960464e-05
0.0046749115 0.25536013 -5.960464e-05
1.7546749 0.0053601265 -5.960464e-05
2.004675 1.7553601 -5.960464e-05
0.2546749 2.0053601 -5.960464e-05
0.0046749115 1.2553601 -5.960464e-05
0.7546749 0.0053601265 -5.960464e-05
2.004675 0.7553601 -5.960464e-05
1.2546749 2.0053601 -5.960464e-05
0.991834 1.7553601 0.22793002
0.991834 0.7553601 0.22793002
0.24183398 1.0053601 0.17500386
1.2546749 1.0053601 -5.960464e-05
0.0046749115 0.7553601 -5.960464e-05
1.2546749 0.0053601265 -5.960464e-05
2.004675 1.2553601 -5.960464e-05
0.7546749 2.0053601 -5.960464e-05
0.0046749115 1.7553601 -5.960464e-05
0.2546749 0.0053601265 -5.960464e-05
2.004675 0.25536013 -5.960464e-05
1.7546749 2.0053601 -5.960464e-05
0.991834 1.2553601 0.22793002
0.991834 0.25536013 0.17500386
0.741834 1.0053601 0.22793002
1.7418339 1.0053601 0.22793002
1.4918339 0.7553601 0.22793002
1.4918339 0.25536013 0.17500386
1.2546749 0.5053601 -5.960464e-05
1.7546749 0.5053601 -5.960464e-05
0.5046749 0.7553601 -5.960464e-05
0.49183398 0.25536013 0.1928647
0.24183398 0.5053601 0.17500386
0.7546749 0.5053601 -5.960464e-05
0.5046749 1.2553601 -5.960464e-05
0.24183398 1.5053601 0.17500386
0.741834 1.5053601 0.22793002
1.4918339 1.7553601 0.22793002
1.4918339 1.2553601 0.22793002
1.2546749 1.5053601 -5.960464e-05
1.7418339 1.5053601 0.22793002
1.7546749 1.2553601 -5.960464e-05
1.241834 1.2553601 0.22793002
1.241834 1.7553601 0.22793002
0.7546749 1.2553601 -5.960464e-05
0.24183398 1.2553601 0.17500386
0.24183398 1.7553601 0.22793002
0.741834 0.25536013 0.17500386
0.24183398 0.25536013 0.22793002
0.24183398 0.7553601 0.17500386
1.7418339 0.25536013 0.17500386
1.241834 0.25536013 0.17500386
1.241834 0.7553601 0.22793002
1.7418339 0.7553601 0.22793002
0.741834 0.7553601 0.22793002
0.7546749 1.7553601 -5.960464e-05
1.7546749 1.7553601 -5.960464e-05
0.0046749115 0.13036013 -5.960464e-05
1.8796749 0.0053601265 -5.960464e-05
2.004675 1.8803601 -5.960464e-05
0.12967491 2.0053601 -5.960464e-05
0.0046749115 1.1303601 -5.960464e-05
0.8796749 0.0053601265 -5.960464e-05
2.004675 0.8803601 -5.960464e-05
1.1296749 2.0053601 -5.960464e-05
1.0046749 1.8803601 -5.960464e-05
1.0046749 0.8803601 -5.960464e-05
0.116833985 1.0053601 0.22793002
1.1296749 1.0053601 -5.960464e-05
0.0046749115 0.6303601 -5.960464e-05
1.3796749 0.0053601265 -5.960464e-05
2.004675 1.3803601 -5.960464e-05
0.6296749 2.0053601 -5.960464e-05
0.0046749115 1.6303601 -5.960464e-05
0.3796749 0.0053601265 -5.960464e-05
2.004675 0.38036013 -5.960464e-05
1.6296749 2.0053601 -5.960464e-05
0.991834 1.3803601 0.22793002
0.991834 0.38036013 0.17500386
0.6296749 1.0053601 -5.960464e-05
1.6168339 1.0053601 0.22793002
1.5046749 0.8803601 -5.960464e-05
1.4918339 0.38036013 0.17500386
1.1296749 0.5053601 -5.960464e-05
1.6296749 0.5053601 -5.960464e-05
0.5046749 0.8803601 -5.960464e-05
0.49183398 0.38036013 0.17500386
0.116833985 0.5053601 0.22793002
0.6296749 0.5053601 -5.960464e-05
0.5046749 1.8803601 -5.960464e-05
0.116833985 1.5053601 0.22793002
1.5046749 1.8803601 -5.960464e-05
1.5046749 1.3803601 -5.960464e-05
1.1296749 1.5053601 -5.960464e-05
1.6296749 1.5053601 -5.960464e-05
0.0046749115 0.38036013 -5.960464e-05
1.6296749 0.0053601265 -5.960464e-05
2.004675 1.6303601 -5.960464e-05
0.3796749 2.0053601 -5.960464e-05
0.0046749115 1.3803601 -5.960464e-05
0.6296749 0.0053601265 -5.960464e-05
2.004675 0.6303601 -5.960464e-05
1.3796749 2.0053601 -5.960464e-05
0.991834 1.6303601 0.22793002
0.991834 0.6303601 0.22793002
0.36683398 1.0053601 0.22793002
1.3796749 1.0053601 -5.960464e-05
0.0046749115 0.8803601 -5.960464e-05
1.1296749 0.0053601265 -5.960464e-05
2.004675 1.1303601 -5.960464e-05
0.8796749 2.0053601 -5.960464e-05
0.0046749115 1.8803601 -5.960464e-05
0.12967491 0.0053601265 -5.960464e-05
2.004675 0.13036013 -5.960464e-05
1.8796749 2.0053601 -5.960464e-05
1.0046749 1.1303601 -5.960464e-05
1.0046749 0.13036013 -5.960464e-05
0.866834 1.0053601 0.22793002
1.8796749 1.0053601 -5.960464e-05
1.4918339 0.6303601 0.22793002
1.5046749 0.13036013 -5.960464e-05
1.3796749 0.5053601 -5.960464e-05
0.5046749 0.6303601 -5.960464e-05
0.5046749 0.13036013 -5.960464e-05
0.36683398 0.5053601 0.22793002
0.8796749 0.5053601 -5.960464e-05
0.5046749 1.1303601 -5.960464e-05
0.36683398 1.5053601 0.22793002
0.866834 1.5053601 0.22793002
1.4918339 1.6303601 0.22793002
1.4918339 1.1303601 0.22793002
1.3796749 1.5053601 -5.960464e-05
1.8796749 1.5053601 -5.960464e-05
1.7546749 1.3803601 -5.960464e-05
1.7418339 1.1303601 0.22793002
1.6168339 1.2553601 0.22793002
1.241834 1.3803601 0.22793002
1.2546749 1.1303601 -5.960464e-05
1.116834 1.2553601 0.22793002
1.3668339 1.2553601 0.22793002
1.2546749 1.8803601 -5.960464e-05
1.241834 1.6303601 0.22793002
1.116834 1.7553601 0.22793002
1.3668339 1.7553601 0.22793002
0.7546749 1.3803601 -5.960464e-05
0.7546749 1.1303601 -5.960464e-05
0.6296749 1.2553601 -5.960464e-05
0.8796749 1.2553601 -5.960464e-05
0.24183398 1.3803601 0.17500386
0.24183398 1.1303601 0.17500386
0.116833985 1.2553601 0.22793002
0.36683398 1.2553601 0.22793002
0.24183398 1.8803601 0.22793002
0.24183398 1.6303601 0.22793002
0.116833985 1.7553601 0.22793002
0.3796749 1.7553601 -5.960464e-05
0.741834 0.38036013 0.22793002
0.7546749 0.13036013 -5.960464e-05
0.616834 0.25536013 0.17500386
0.866834 0.25536013 0.17500386
0.24183398 0.38036013 0.17500386
0.2546749 0.13036013 -5.960464e-05
0.12967491 0.25536013 -5.960464e-05
0.36683398 0.25536013 0.22793002
0.24183398 0.8803601 0.17500386
0.24183398 0.6303601 0.17500386
0.116833985 0.7553601 0.22793002
0.36683398 0.7553601 0.22793002
1.7418339 0.38036013 0.22793002
1.7546749 0.13036013 -5.960464e-05
1.6168339 0.25536013 0.17500386
1.8796749 0.25536013 -5.960464e-05
1.241834 0.38036013 0.17500386
1.2546749 0.13036013 -5.960464e-05
1.116834 0.25536013 0.17500386
1.3668339 0.25536013 0.17500386
1.2546749 0.8803601 -5.960464e-05
1.241834 0.6303601 0.22793002
1.116834 0.7553601 0.22793002
1.3668339 0.7553601 0.22793002
1.7418339 0.8803601 0.22793002
1.7546749 0.6303601 -5.960464e-05
1.6168339 0.7553601 0.22793002
1.8796749 0.7553601 -5.960464e-05
0.741834 0.8803601 0.22793002
0.741834 0.6303601 0.22793002
0.616834 0.7553601 0.22793002
0.866834 0.7553601 0.22793002
0.7546749 1.8803601 -5.960464e-05
0.741834 1.6303601 0.22793002
0.6296749 1.7553601 -5.960464e-05
0.866834 1.7553601 0.22793002
1.7546749 1.8803601 -5.960464e-05
1.7418339 1.6303601 0.22793002
1.6168339 1.7553601 0.22793002
1.8796749 1.7553601 -5.960464e-05
1.8796749 1.6303601 -5.960464e-05
1.6168339 1.6303601 0.22793002
1.6296749 1.8803601 -5.960464e-05
0.866834 1.6303601 0.22793002
0.6296749 1.8803601 -5.960464e-05
0.866834 0.6303601 0.22793002
0.6296749 0.6303601 -5.960464e-05
0.616834 0.8803601 0.22793002
1.8796749 0.6303601 -5.960464e-05
1.6168339 0.6303601 0.22793002
1.6168339 0.8803601 0.22793002
1.3668339 0.6303601 0.22793002
1.116834 0.6303601 0.22793002
1.1296749 0.8803601 -5.960464e-05
1.3796749 0.13036013 -5.960464e-05
1.1296749 0.13036013 -5.960464e-05
1.116834 0.38036013 0.17500386
1.8796749 0.13036013 -5.960464e-05
1.6296749 0.13036013 -5.960464e-05
1.6168339 0.38036013 0.22793002
0.36683398 0.6303601 0.22793002
0.116833985 0.6303601 0.22793002
0.116833985 0.8803601 0.22793002
0.3796749 0.13036013 -5.960464e-05
0.12967491 0.13036013 -5.960464e-05
0.116833985 0.38036013 0.22793002
0.8796749 0.13036013 -5.960464e-05
0.6296749 0.13036013 -5.960464e-05
0.616834 0.38036013 0.17500386
0.36683398 1.6303601 0.22793002
0.116833985 1.6303601 0.22793002
0.12967491 1.8803601 -5.960464e-05
0.36683398 1.1303601 0.22793002
0.116833985 1.1303601 0.22793002
0.116833985 1.3803601 0.22793002
0.8796749 1.1303601 -5.960464e-05
0.6296749 1.1303601 -5.960464e-05
0.6296749 1.3803601 -5.960464e-05
1.3668339 1.6303601 0.22793002
1.1296749 1.6303601 -5.960464e-05
1.1296749 1.8803601 -5.960464e-05
1.3668339 1.1303601 0.22793002
1.1296749 1.1303601 -5.960464e-05
1.116834 1.3803601 0.22793002
1.8796749 1.1303601 -5.960464e-05
1.6168339 1.1303601 0.22793002
1.6296749 1.3803601 -5.960464e-05
1.3668339 1.3803601 0.22793002
1.3796749 1.8803601 -5.960464e-05
0.866834 1.3803601 0.22793002
0.36683398 1.3803601 0.22793002
0.3796749 1.8803601 -5.960464e-05
0.866834 0.38036013 0.22793002
0.36683398 0.38036013 0.17500386
0.36683398 0.8803601 0.22793002
1.8796749 0.38036013 -5.960464e-05
1.3668339 0.38036013 0.17500386
1.3796749 0.8803601 -5.960464e-05
1.8796749 0.8803601 -5.960464e-05
0.866834 0.8803601 0.22793002
0.8796749 1.8803601 -5.960464e-05
0.0046749115 0.06786013 -5.960464e-05
1.9421749 0.0053601265 -5.960464e-05
2.004675 1.9428601 -5.960464e-05
0.06717491 2.0053601 -5.960464e-05
0.0046749115 1.0678601 -5.960464e-05
0.9421749 0.0053601265 -5.960464e-05
2.004675 0.9428601 -5.960464e-05
1.0671749 2.0053601 -5.960464e-05
1.0046749 1.9428601 -5.960464e-05
1.0046749 0.9428601 -5.960464e-05
0.06717491 1.0053601 -5.960464e-05
1.0671749 1.0053601 -5.960464e-05
0.0046749115 0.5678601 -5.960464e-05
1.4421749 0.0053601265 -5.960464e-05
2.004675 1.4428601 -5.960464e-05
0.5671749 2.0053601 -5.960464e-05
0.0046749115 1.5678601 -5.960464e-05
0.4421749 0.0053601265 -5.960464e-05
2.004675 0.44286013 -5.960464e-05
1.5671749 2.0053601 -5.960464e-05
0.991834 1.4428601 0.22793002
1.0046749 0.44286013 -5.960464e-05
0.5671749 1.0053601 -5.960464e-05
1.5671749 1.0053601 -5.960464e-05
1.5046749 0.9428601 -5.960464e-05
1.5046749 0.44286013 -5.960464e-05
1.0671749 0.5053601 -5.960464e-05
1.5671749 0.5053601 -5.960464e-05
0.5046749 0.9428601 -5.960464e-05
0.5046749 0.44286013 -5.960464e-05
0.06717491 0.5053601 -5.960464e-05
0.5671749 0.5053601 -5.960464e-05
0.5046749 1.9428601 -5.960464e-05
0.5046749 1.4428601 -5.960464e-05
0.06717491 1.5053601 -5.960464e-05
1.5046749 1.9428601 -5.960464e-05
1.5046749 1.4428601 -5.960464e-05
1.0671749 1.5053601 -5.960464e-05
1.5671749 1.5053601 -5.960464e-05
0.0046749115 0.31786013 -5.960464e-05
1.6921749 0.0053601265 -5.960464e-05
2.004675 1.6928601 -5.960464e-05
0.3171749 2.0053601 -5.960464e-05
0.0046749115 1.3178601 -5.960464e-05
0.6921749 0.0053601265 -5.960464e-05
2.004675 0.6928601 -5.960464e-05
1.3171749 2.0053601 -5.960464e-05
0.991834 1.6928601 0.22793002
0.991834 0.6928601 0.22793002
0.30433398 1.0053601 0.17500386
1.3171749 1.0053601 -5.960464e-05
0.0046749115 0.8178601 -5.960464e-05
1.1921749 0.0053601265 -5.960464e-05
2.004675 1.1928601 -5.960464e-05
0.8171749 2.0053601 -5.960464e-05
0.0046749115 1.8178601 -5.960464e-05
0.19217491 0.0053601265 -5.960464e-05
2.004675 0.19286013 -5.960464e-05
1.8171749 2.0053601 -5.960464e-05
1.0046749 1.1928601 -5.960464e-05
0.991834 0.19286013 0.22793002
0.804334 1.0053601 0.22793002
1.8043339 1.0053601 0.22793002
1.4918339 0.6928601 0.22793002
1.4918339 0.19286013 0.22793002
1.3171749 0.5053601 -5.960464e-05
1.8171749 0.5053601 -5.960464e-05
0.5046749 0.6928601 -5.960464e-05
0.49183398 0.19286013 0.22793002
0.30433398 0.5053601 0.17500386
0.8171749 0.5053601 -5.960464e-05
0.5046749 1.6928601 -5.960464e-05
0.30433398 1.5053601 0.17500386
0.804334 1.5053601 0.22793002
1.4918339 1.6928601 0.22793002
1.4918339 1.1928601 0.22793002
1.3171749 1.5053601 -5.960464e-05
1.8171749 1.5053601 -5.960464e-05
1.7546749 1.4428601 -5.960464e-05
1.7546749 1.1928601 -5.960464e-05
1.5543339 1.2553601 0.22793002
1.8171749 1.2553601 -5.960464e-05
1.2546749 1.4428601 -5.960464e-05
1.241834 1.1928601 0.22793002
1.054334 1.2553601 0.22793002
1.3043339 1.2553601 0.22793002
1.2546749 1.9428601 -5.960464e-05
1.241834 1.6928601 0.22793002
1.054334 1.7553601 0.22793002
1.3043339 1.7553601 0.22793002
0.741834 1.4428601 0.22793002
0.7546749 1.1928601 -5.960464e-05
0.8171749 1.2553601 -5.960464e-05
0.24183398 1.4428601 0.17500386
0.24183398 1.1928601 0.17500386
0.06717491 1.2553601 -5.960464e-05
0.30433398 1.2553601 0.17500386
0.2546749 1.9428601 -5.960464e-05
0.24183398 1.6928601 0.22793002
0.06717491 1.7553601 -5.960464e-05
0.30433398 1.7553601 0.22793002
0.7546749 0.44286013 -5.960464e-05
0.741834 0.19286013 0.22793002
0.554334 0.25536013 0.17500386
0.804334 0.25536013 0.17500386
0.24183398 0.44286013 0.17500386
0.24183398 0.19286013 0.22793002
0.06717491 0.25536013 -5.960464e-05
0.30433398 0.25536013 0.22793002
0.24183398 0.9428601 0.17500386
0.24183398 0.6928601 0.17500386
0.06717491 0.7553601 -5.960464e-05
0.30433398 0.7553601 0.17500386
1.7546749 0.44286013 -5.960464e-05
1.7418339 0.19286013 0.22793002
1.5543339 0.25536013 0.17500386
1.8043339 0.25536013 0.22793002
1.2546749 0.44286013 -5.960464e-05
1.241834 0.19286013 0.22793002
1.054334 0.25536013 0.17500386
1.3043339 0.25536013 0.18177815
1.2546749 0.9428601 -5.960464e-05
1.241834 0.6928601 0.22793002
1.054334 0.7553601 0.22793002
1.3043339 0.7553601 0.22793002
1.7418339 0.9428601 0.22793002
1.7418339 0.6928601 0.22793002
1.5543339 0.7553601 0.22793002
1.8043339 0.7553601 0.22793002
0.741834 0.9428601 0.22793002
0.741834 0.6928601 0.22793002
0.5671749 0.7553601 -5.960464e-05
0.7546749 1.9428601 -5.960464e-05
0.741834 1.6928601 0.22793002
0.804334 1.7553601 0.22793002
1.7546749 1.9428601 -5.960464e-05
1.7418339 1.6928601 0.22793002
1.5543339 1.7553601 0.22793002
1.8171749 1.7553601 -5.960464e-05
0.0046749115 0.19286013 -5.960464e-05
1.8171749 0.0053601265 -5.960464e-05
2.004675 1.8178601 -5.960464e-05
0.19217491 2.0053601 -5.960464e-05
0.0046749115 1.1928601 -5.960464e-05
0.8171749 0.0053601265 -5.960464e-05
2.004675 0.8178601 -5.960464e-05
1.1921749 2.0053601 -5.960464e-05
0.991834 1.8178601 0.22793002
0.991834 0.8178601 0.22793002
0.17933398 1.0053601 0.17500386
1.1921749 1.0053601 -5.960464e-05
0.0046749115 0.6928601 -5.960464e-05
1.3171749 0.0053601265 -5.960464e-05
2.004675 1.3178601 -5.960464e-05
0.6921749 2.0053601 -5.960464e-05
0.0046749115 1.6928601 -5.960464e-05
0.3171749 0.0053601265 -5.960464e-05
2.004675 0.31786013 -5.960464e-05
1.6921749 2.0053601 -5.960464e-05
0.991834 1.3178601 0.22793002
0.991834 0.31786013 0.17500386
0.679334 1.0053601 0.22793002
1.6793339 1.0053601 0.22793002
1.4918339 0.8178601 0.22793002
1.4918339 0.31786013 0.17500386
1.1921749 0.5053601 -5.960464e-05
1.6921749 0.5053601 -5.960464e-05
0.5046749 0.8178601 -5.960464e-05
0.49183398 0.31786013 0.17500386
0.17933398 0.5053601 0.17500386
0.6921749 0.5053601 -5.960464e-05
0.5046749 1.8178601 -5.960464e-05
0.5046749 1.3178601 -5.960464e-05
0.17933398 1.5053601 0.17500386
0.6921749 1.5053601 -5.960464e-05
1.5046749 1.8178601 -5.960464e-05
1.4918339 1.3178601 0.22793002
1.1921749 1.5053601 -5.960464e-05
1.6793339 1.5053601 0.22793002
0.0046749115 0.44286013 -5.960464e-05
1.5671749 0.0053601265 -5.960464e-05
2.004675 1.5678601 -5.960464e-05
0.4421749 2.0053601 -5.960464e-05
0.0046749115 1.4428601 -5.960464e-05
0.5671749 0.0053601265 -5.960464e-05
2.004675 0.5678601 -5.960464e-05
1.4421749 2.0053601 -5.960464e-05
1.0046749 1.5678601 -5.960464e-05
1.0046749 0.5678601 -5.960464e-05
0.4421749 1.0053601 -5.960464e-05
1.4421749 1.0053601 -5.960464e-05
0.0046749115 0.9428601 -5.960464e-05
1.0671749 0.0053601265 -5.960464e-05
2.004675 1.0678601 -5.960464e-05
0.9421749 2.0053601 -5.960464e-05
0.0046749115 1.9428601 -5.960464e-05
0.06717491 0.0053601265 -5.960464e-05
2.004675 0.06786013 -5.960464e-05
1.9421749 2.0053601 -5.960464e-05
1.0046749 1.0678601 -5.960464e-05
1.0046749 0.06786013 -5.960464e-05
0.9421749 1.0053601 -5.960464e-05
1.9421749 1.0053601 -5.960464e-05
1.5046749 0.5678601 -5.960464e-05
1.5046749 0.06786013 -5.960464e-05
1.4421749 0.5053601 -5.960464e-05
1.9421749 0.5053601 -5.960464e-05
0.5046749 0.5678601 -5.960464e-05
0.5046749 0.06786013 -5.960464e-05
0.42933398 0.5053601 0.22793002
0.9421749 0.5053601 -5.960464e-05
0.5046749 1.5678601 -5.960464e-05
0.5046749 1.0678601 -5.960464e-05
0.4421749 1.5053601 -5.960464e-05
0.929334 1.5053601 0.22793002
1.4918339 1.5678601 0.22793002
1.5046749 1.0678601 -5.960464e-05
1.4421749 1.5053601 -5.960464e-05
1.9421749 1.5053601 -5.960464e-05
1.7546749 1.3178601 -5.960464e-05
1.7418339 1.0678601 0.22793002
1.6793339 1.2553601 0.22793002
1.9421749 1.2553601 -5.960464e-05
1.241834 1.3178601 0.22793002
1.2546749 1.0678601 -5.960464e-05
1.179334 1.2553601 0.22793002
1.4293339 1.2553601 0.22793002
1.241834 1.8178601 0.22793002
1.2546749 1.5678601 -5.960464e-05
1.179334 1.7553601 0.22793002
1.4293339 1.7553601 0.22793002
0.7546749 1.3178601 -5.960464e-05
0.7546749 1.0678601 -5.960464e-05
0.6921749 1.2553601 -5.960464e-05
0.929334 1.2553601 0.22793002
0.24183398 1.3178601 0.17500386
0.24183398 1.0678601 0.17500386
0.17933398 1.2553601 0.17500386
0.4421749 1.2553601 -5.960464e-05
0.24183398 1.8178601 0.22793002
0.24183398 1.5678601 0.17500386
0.17933398 1.7553601 0.22793002
0.4421749 1.7553601 -5.960464e-05
0.741834 0.31786013 0.17500386
0.7546749 0.06786013 -5.960464e-05
0.679334 0.25536013 0.17500386
0.929334 0.25536013 0.17500386
0.24183398 0.31786013 0.17500386
0.2546749 0.06786013 -5.960464e-05
0.17933398 0.25536013 0.22793002
0.42933398 0.25536013 0.17500386
0.24183398 0.8178601 0.17500386
0.24183398 0.5678601 0.17500386
0.17933398 0.7553601 0.17500386
0.4421749 0.7553601 -5.960464e-05
1.7418339 0.31786013 0.17500386
1.7546749 0.06786013 -5.960464e-05
1.6793339 0.25536013 0.17500386
1.9421749 0.25536013 -5.960464e-05
1.241834 0.31786013 0.17500386
1.2546749 0.06786013 -5.960464e-05
1.179334 0.25536013 0.17500386
1.4293339 0.25536013 0.17500386
1.241834 0.8178601 0.22793002
1.2546749 0.5678601 -5.960464e-05
1.179334 0.7553601 0.22793002
1.4293339 0.7553601 0.22793002
1.7418339 0.8178601 0.22793002
1.7546749 0.5678601 -5.960464e-05
1.6793339 0.7553601 0.22793002
1.9421749 0.7553601 -5.960464e-05
0.7546749 0.5678601 -5.960464e-05
0.679334 0.7553601 0.22793002
0.929334 0.7553601 0.22793002
0.7546749 1.8178601 -5.960464e-05
0.741834 1.5678601 0.22793002
0.6921749 1.7553601 -5.960464e-05
0.929334 1.7553601 0.22793002
1.7546749 1.8178601 -5.960464e-05
1.7418339 1.5678601 0.22793002
1.6793339 1.7553601 0.22793002
1.9421749 1.7553601 -5.960464e-05
1.8796749 1.6928601 -5.960464e-05
1.8796749 1.5678601 -5.960464e-05
1.8043339 1.6303601 0.22793002
1.9421749 1.6303601 -5.960464e-05
1.6168339 1.6928601 0.22793002
1.6168339 1.5678601 0.22793002
1.5543339 1.6303601 0.22793002
1.6793339 1.6303601 0.22793002
1.6296749 1.9428601 -5.960464e-05
1.6296749 1.8178601 -5.960464e-05
1.5671749 1.8803601 -5.960464e-05
1.6921749 1.8803601 -5.960464e-05
0.866834 1.6928601 0.22793002
0.866834 1.5678601 0.22793002
0.804334 1.6303601 0.22793002
0.929334 1.6303601 0.22793002
0.6296749 1.6928601 -5.960464e-05
0.6296749 1.5678601 -5.960464e-05
0.6921749 1.6303601 -5.960464e-05
0.6296749 1.9428601 -5.960464e-05
0.6921749 1.8803601 -5.960464e-05
0.866834 0.6928601 0.22793002
0.8796749 0.5678601 -5.960464e-05
0.804334 0.6303601 0.22793002
0.929334 0.6303601 0.22793002
0.6296749 0.6928601 -5.960464e-05
0.6296749 0.5678601 -5.960464e-05
0.5671749 0.6303601 -5.960464e-05
0.6921749 0.6303601 -5.960464e-05
0.616834 0.9428601 0.22793002
0.616834 0.8178601 0.22793002
0.5671749 0.8803601 -5.960464e-05
0.679334 0.8803601 0.22793002
1.8796749 0.6928601 -5.960464e-05
1.8171749 0.6303601 -5.960464e-05
1.9421749 0.6303601 -5.960464e-05
1.6168339 0.6928601 0.22793002
1.6296749 0.5678601 -5.960464e-05
1.5543339 0.6303601 0.22793002
1.6921749 0.6303601 -5.960464e-05
1.6168339 0.9428601 0.22793002
1.6168339 0.8178601 0.22793002
1.5671749 0.8803601 -5.960464e-05
1.6793339 0.8803601 0.22793002
1.3668339 0.6928601 0.22793002
1.3796749 0.5678601 -5.960464e-05
1.3043339 0.6303601 0.22793002
1.4293339 0.6303601 0.22793002
1.116834 0.6928601 0.22793002
1.1296749 0.5678601 -5.960464e-05
1.054334 0.6303601 0.22793002
1.179334 0.6303601 0.22793002
1.1296749 0.9428601 -5.960464e-05
1.116834 0.8178601 0.22793002
1.0671749 0.8803601 -5.960464e-05
1.1921749 0.8803601 -5.960464e-05
1.3668339 0.19286013 0.22793002
1.3796749 0.06786013 -5.960464e-05
1.3171749 0.13036013 -5.960464e-05
1.4421749 0.13036013 -5.960464e-05
1.116834 0.19286013 0.22793002
1.1296749 0.06786013 -5.960464e-05
1.0671749 0.13036013 -5.960464e-05
1.1921749 0.13036013 -5.960464e-05
1.1296749 0.44286013 -5.960464e-05
1.116834 0.31786013 0.17500386
1.054334 0.38036013 0.17500386
1.179334 0.38036013 0.17500386
1.8796749 0.19286013 -5.960464e-05
1.8796749 0.06786013 -5.960464e-05
1.8171749 0.13036013 -5.960464e-05
1.9421749 0.13036013 -5.960464e-05
1.6168339 0.19286013 0.22793002
1.6296749 0.06786013 -5.960464e-05
1.5671749 0.13036013 -5.960464e-05
1.6921749 0.13036013 -5.960464e-05
1.6296749 0.44286013 -5.960464e-05
1.6168339 0.31786013 0.17500386
1.5543339 0.38036013 0.22793002
1.6793339 0.38036013 0.22793002
0.36683398 0.6928601 0.22793002
0.36683398 0.5678601 0.22793002
0.30433398 0.6303601 0.17500386
0.4421749 0.6303601 -5.960464e-05
0.116833985 0.6928601 0.22793002
0.116833985 0.5678601 0.22793002
0.06717491 0.6303601 -5.960464e-05
0.17933398 0.6303601 0.17500386
0.116833985 0.9428601 0.22793002
0.116833985 0.8178601 0.22793002
0.06717491 0.8803601 -5.960464e-05
0.17933398 0.8803601 0.17500386
0.36683398 0.19286013 0.22793002
0.3796749 0.06786013 -5.960464e-05
0.3171749 0.13036013 -5.960464e-05
0.4421749 0.13036013 -5.960464e-05
0.12967491 0.19286013 -5.960464e-05
0.12967491 0.06786013 -5.960464e-05
0.06717491 0.13036013 -5.960464e-05
0.19217491 0.13036013 -5.960464e-05
0.116833985 0.44286013 0.22793002
0.12967491 0.31786013 -5.960464e-05
0.06717491 0.38036013 -5.960464e-05
0.17933398 0.38036013 0.17500386
0.866834 0.19286013 0.22793002
0.8796749 0.06786013 -5.960464e-05
0.8171749 0.13036013 -5.960464e-05
0.9421749 0.13036013 -5.960464e-05
0.616834 0.19286013 0.22793002
0.6296749 0.06786013 -5.960464e-05
0.5671749 0.13036013 -5.960464e-05
0.6921749 0.13036013 -5.960464e-05
0.6296749 0.44286013 -5.960464e-05
0.616834 0.31786013 0.17500386
0.554334 0.38036013 0.17500386
0.679334 0.38036013 0.17500386
0.36683398 1.6928601 0.22793002
0.36683398 1.5678601 0.22793002
0.30433398 1.6303601 0.22793002
0.4421749 1.6303601 -5.960464e-05
0.116833985 1.6928601 0.22793002
0.116833985 1.5678601 0.22793002
0.06717491 1.6303601 -5.960464e-05
0.17933398 1.6303601 0.22793002
0.12967491 1.9428601 -5.960464e-05
0.116833985 1.8178601 0.22793002
0.06717491 1.8803601 -5.960464e-05
0.17933398 1.8803601 0.22793002
0.36683398 1.1928601 0.22793002
0.36683398 1.0678601 0.22793002
0.30433398 1.1303601 0.17500386
0.4421749 1.1303601 -5.960464e-05
0.116833985 1.1928601 0.22793002
0.116833985 1.0678601 0.22793002
0.06717491 1.1303601 -5.960464e-05
0.17933398 1.1303601 0.17500386
0.116833985 1.4428601 0.22793002
0.116833985 1.3178601 0.22793002
0.06717491 1.3803601 -5.960464e-05
0.17933398 1.3803601 0.17500386
0.8796749 1.1928601 -5.960464e-05
0.8796749 1.0678601 -5.960464e-05
0.8171749 1.1303601 -5.960464e-05
0.9421749 1.1303601 -5.960464e-05
0.6296749 1.0678601 -5.960464e-05
0.6921749 1.1303601 -5.960464e-05
0.6296749 1.4428601 -5.960464e-05
0.6921749 1.3803601 -5.960464e-05
1.3668339 1.6928601 0.22793002
1.3796749 1.5678601 -5.960464e-05
1.3043339 1.6303601 0.22793002
1.4293339 1.6303601 0.22793002
1.116834 1.6928601 0.22793002
1.1296749 1.5678601 -5.960464e-05
1.054334 1.6303601 0.22793002
1.179334 1.6303601 0.22793002
1.1296749 1.9428601 -5.960464e-05
1.116834 1.8178601 0.22793002
1.0671749 1.8803601 -5.960464e-05
1.1921749 1.8803601 -5.960464e-05
1.3668339 1.1928601 0.22793002
1.3796749 1.0678601 -5.960464e-05
1.3171749 1.1303601 -5.960464e-05
1.4293339 1.1303601 0.22793002
1.116834 1.1928601 0.22793002
1.1296749 1.0678601 -5.960464e-05
1.0671749 1.1303601 -5.960464e-05
1.1921749 1.1303601 -5.960464e-05
1.1296749 1.4428601 -5.960464e-05
1.116834 1.3178601 0.22793002
1.054334 1.3803601 0.22793002
1.179334 1.3803601 0.22793002
1.8796749 1.1928601 -5.960464e-05
1.8796749 1.0678601 -5.960464e-05
1.8171749 1.1303601 -5.960464e-05
1.9421749 1.1303601 -5.960464e-05
1.6168339 1.1928601 0.22793002
1.6168339 1.0678601 0.22793002
1.5543339 1.1303601 0.22793002
1.6793339 1.1303601 0.22793002
1.6296749 1.4428601 -5.960464e-05
1.6296749 1.3178601 -5.960464e-05
1.5671749 1.3803601 -5.960464e-05
1.6921749 1.3803601 -5.960464e-05
1.8796749 1.4428601 -5.960464e-05
1.8171749 1.3803601 -5.960464e-05
1.9421749 1.3803601 -5.960464e-05
1.3796749 1.4428601 -5.960464e-05
1.3668339 1.3178601 0.22793002
1.3043339 1.3803601 0.22793002
1.4421749 1.3803601 -5.960464e-05
1.3796749 1.9428601 -5.960464e-05
1.3668339 1.8178601 0.22793002
1.3171749 1.8803601 -5.960464e-05
1.4421749 1.8803601 -5.960464e-05
0.866834 1.4428601 0.22793002
0.866834 1.3178601 0.22793002
0.804334 1.3803601 0.22793002
0.929334 1.3803601 0.22793002
0.36683398 1.4428601 0.22793002
0.36683398 1.3178601 0.22793002
0.30433398 1.3803601 0.17500386
0.4421749 1.3803601 -5.960464e-05
0.3796749 1.9428601 -5.960464e-05
0.3796749 1.8178601 -5.960464e-05
0.30433398 1.8803601 0.22793002
0.4421749 1.8803601 -5.960464e-05
0.8796749 0.44286013 -5.960464e-05
0.866834 0.31786013 0.17500386
0.804334 0.38036013 0.22793002
0.929334 0.38036013 0.22793002
0.36683398 0.44286013 0.22793002
0.36683398 0.31786013 0.17500386
0.30433398 0.38036013 0.17500386
0.42933398 0.38036013 0.17500386
0.36683398 0.9428601 0.22793002
0.36683398 0.8178601 0.22793002
0.30433398 0.8803601 0.18030512
0.4421749 0.8803601 -5.960464e-05
1.8796749 0.44286013 -5.960464e-05
1.8796749 0.31786013 -5.960464e-05
1.8043339 0.38036013 0.22793002
1.9421749 0.38036013 -5.960464e-05
1.3796749 0.44286013 -5.960464e-05
1.3668339 0.31786013 0.17500386
1.3043339 0.38036013 0.17500386
1.4293339 0.38036013 0.22793002
1.3796749 0.9428601 -5.960464e-05
1.3668339 0.8178601 0.22793002
1.3171749 0.8803601 -5.960464e-05
1.4421749 0.8803601 -5.960464e-05
1.8796749 0.9428601 -5.960464e-05
1.8796749 0.8178601 -5.960464e-05
1.8043339 0.8803601 0.22793002
1.9421749 0.8803601 -5.960464e-05
0.866834 0.9428601 0.22793002
0.929334 0.8803601 0.22793002
0.8796749 1.9428601 -5.960464e-05
0.8796749 1.8178601 -5.960464e-05
0.8171749 1.8803601 -5.960464e-05
0.9421749 1.8803601 -5.960464e-05
1.9421749 1.8178601 -5.960464e-05
1.8171749 1.8178601 -5.960464e-05
1.8171749 1.9428601 -5.960464e-05
0.9421749 1.8178601 -5.960464e-05
0.8171749 1.8178601 -5.960464e-05
0.8171749 1.9428601 -5.960464e-05
0.929334 0.8178601 0.22793002
0.804334 0.9428601 0.22793002
1.9421749 0.8178601 -5.960464e-05
1.8043339 0.8178601 0.22793002
1.8043339 0.9428601 0.22793002
1.4293339 0.8178601 0.22793002
1.3171749 0.8178601 -5.960464e-05
1.3171749 0.9428601 -5.960464e-05
1.4293339 0.31786013 0.17500386
1.3043339 0.31786013 0.17500386
1.3171749 0.44286013 -5.960464e-05
1.9421749 0.31786013 -5.960464e-05
1.8043339 0.31786013 0.22793002
1.8171749 0.44286013 -5.960464e-05
0.4421749 0.8178601 -5.960464e-05
0.30433398 0.8178601 0.18030512
0.30433398 0.9428601 0.18030512
0.42933398 0.31786013 0.17500386
0.30433398 0.31786013 0.17500386
0.30433398 0.44286013 0.17500386
0.929334 0.31786013 0.17500386
0.804334 0.31786013 0.17500386
0.8171749 0.44286013 -5.960464e-05
0.4421749 1.8178601 -5.960464e-05
0.30433398 1.8178601 0.22793002
0.3171749 1.9428601 -5.960464e-05
0.4421749 1.3178601 -5.960464e-05
0.30433398 1.3178601 0.17500386
0.30433398 1.4428601 0.17500386
0.929334 1.3178601 0.22793002
0.8171749 1.3178601 -5.960464e-05
0.804334 1.4428601 0.22793002
1.4421749 1.8178601 -5.960464e-05
1.3043339 1.8178601 0.22793002
1.3171749 1.9428601 -5.960464e-05
1.4293339 1.3178601 0.22793002
1.3043339 1.3178601 0.22793002
1.3171749 1.4428601 -5.960464e-05
1.8171749 1.4428601 -5.960464e-05
1.6921749 1.3178601 -5.960464e-05
1.5543339 1.3178601 0.22793002
1.5671749 1.4428601 -5.960464e-05
1.6793339 1.0678601 0.22793002
1.5543339 1.0678601 0.22793002
1.5543339 1.1928601 0.22793002
1.9421749 1.0678601 -5.960464e-05
1.8043339 1.0678601 0.22793002
1.8171749 1.1928601 -5.960464e-05
1.179334 1.3178601 0.22793002
1.054334 1.3178601 0.22793002
1.054334 1.4428601 0.22793002
1.1921749 1.0678601 -5.960464e-05
1.0671749 1.0678601 -5.960464e-05
1.054334 1.1928601 0.22793002
1.4421749 1.0678601 -5.960464e-05
1.3171749 1.0678601 -5.960464e-05
1.3043339 1.1928601 0.22793002
1.179334 1.8178601 0.22793002
1.054334 1.8178601 0.22793002
1.0671749 1.9428601 -5.960464e-05
1.1921749 1.5678601 -5.960464e-05
1.0671749 1.5678601 -5.960464e-05
1.054334 1.6928601 0.22793002
1.4293339 1.5678601 0.22793002
1.3171749 1.5678601 -5.960464e-05
1.3043339 1.6928601 0.22793002
0.6921749 1.3178601 -5.960464e-05
0.6921749 1.0678601 -5.960464e-05
0.5671749 1.0678601 -5.960464e-05
0.9421749 1.0678601 -5.960464e-05
0.8171749 1.0678601 -5.960464e-05
0.8171749 1.1928601 -5.960464e-05
0.17933398 1.3178601 0.17500386
0.06717491 1.3178601 -5.960464e-05
0.06717491 1.4428601 -5.960464e-05
0.17933398 1.0678601 0.17500386
0.06717491 1.0678601 -5.960464e-05
0.06717491 1.1928601 -5.960464e-05
0.4421749 1.0678601 -5.960464e-05
0.30433398 1.0678601 0.17500386
0.30433398 1.1928601 0.17500386
0.17933398 1.8178601 0.22793002
0.06717491 1.8178601 -5.960464e-05
0.06717491 1.9428601 -5.960464e-05
0.17933398 1.5678601 0.17500386
0.06717491 1.5678601 -5.960464e-05
0.06717491 1.6928601 -5.960464e-05
0.4421749 1.5678601 -5.960464e-05
0.30433398 1.5678601 0.17500386
0.30433398 1.6928601 0.22793002
0.679334 0.31786013 0.17500386
0.554334 0.31786013 0.17500386
0.5671749 0.44286013 -5.960464e-05
0.6921749 0.06786013 -5.960464e-05
0.5671749 0.06786013 -5.960464e-05
0.554334 0.19286013 0.22793002
0.9421749 0.06786013 -5.960464e-05
0.8171749 0.06786013 -5.960464e-05
0.804334 0.19286013 0.22793002
0.17933398 0.31786013 0.22793002
0.06717491 0.31786013 -5.960464e-05
0.06717491 0.44286013 -5.960464e-05
0.19217491 0.06786013 -5.960464e-05
0.06717491 0.06786013 -5.960464e-05
0.06717491 0.19286013 -5.960464e-05
0.4421749 0.06786013 -5.960464e-05
0.3171749 0.06786013 -5.960464e-05
0.30433398 0.19286013 0.22793002
0.17933398 0.8178601 0.17500386
0.06717491 0.8178601 -5.960464e-05
0.06717491 0.9428601 -5.960464e-05
0.17933398 0.5678601 0.17500386
0.06717491 0.5678601 -5.960464e-05
0.06717491 0.6928601 -5.960464e-05
0.4421749 0.5678601 -5.960464e-05
0.30433398 0.5678601 0.17500386
0.30433398 0.6928601 0.17500386
1.6793339 0.31786013 0.17500386
1.5543339 0.31786013 0.17500386
1.5671749 0.44286013 -5.960464e-05
1.6921749 0.06786013 -5.960464e-05
1.5671749 0.06786013 -5.960464e-05
1.5543339 0.19286013 0.22793002
1.9421749 0.06786013 -5.960464e-05
1.8171749 0.06786013 -5.960464e-05
1.8171749 0.19286013 -5.960464e-05
1.179334 0.31786013 0.17500386
1.054334 0.31786013 0.17500386
1.0671749 0.44286013 -5.960464e-05
1.1921749 0.06786013 -5.960464e-05
1.0671749 0.06786013 -5.960464e-05
1.054334 0.19286013 0.22793002
1.4421749 0.06786013 -5.960464e-05
1.3171749 0.06786013 -5.960464e-05
1.3043339 0.19286013 0.22793002
1.1921749 0.8178601 -5.960464e-05
1.054334 0.8178601 0.22793002
1.0671749 0.9428601 -5.960464e-05
1.1921749 0.5678601 -5.960464e-05
1.0671749 0.5678601 -5.960464e-05
1.054334 0.6928601 0.22793002
1.4421749 0.5678601 -5.960464e-05
1.3171749 0.5678601 -5.960464e-05
1.3043339 0.6928601 0.22793002
1.6793339 0.8178601 0.22793002
1.5543339 0.8178601 0.22793002
1.5671749 0.9428601 -5.960464e-05
1.6921749 0.5678601 -5.960464e-05
1.5671749 0.5678601 -5.960464e-05
1.5543339 0.6928601 0.22793002
1.9421749 0.5678601 -5.960464e-05
1.8171749 0.5678601 -5.960464e-05
1.8171749 0.6928601 -5.960464e-05
0.5671749 0.8178601 -5.960464e-05
0.5671749 0.9428601 -5.960464e-05
0.6921749 0.5678601 -5.960464e-05
0.5671749 0.5678601 -5.960464e-05
0.5671749 0.6928601 -5.960464e-05
0.9421749 0.5678601 -5.960464e-05
0.8171749 0.5678601 -5.960464e-05
0.804334 0.6928601 0.22793002
0.6921749 1.8178601 -5.960464e-05
0.5671749 1.9428601 -5.960464e-05
0.6921749 1.5678601 -5.960464e-05
0.929334 1.5678601 0.22793002
0.804334 1.5678601 0.22793002
0.804334 1.6928601 0.22793002
1.6921749 1.8178601 -5.960464e-05
1.5671749 1.8178601 -5.960464e-05
1.5671749 1.9428601 -5.960464e-05
1.6793339 1.5678601 0.22793002
1.5543339 1.5678601 0.22793002
1.5543339 1.6928601 0.22793002
1.9421749 1.5678601 -5.960464e-05
1.8043339 1.5678601 0.22793002
1.8043339 1.6928601 0.22793002
1.9421749 1.6928601 -5.960464e-05
1.6793339 1.6928601 0.22793002
1.6921749 1.9428601 -5.960464e-05
0.929334 1.6928601 0.22793002
0.6921749 1.6928601 -5.960464e-05
0.6921749 1.9428601 -5.960464e-05
0.929334 0.6928601 0.22793002
0.679334 0.6928601 0.22793002
0.679334 0.9428601 0.22793002
1.9421749 0.6928601 -5.960464e-05
1.6793339 0.6928601 0.22793002
1.6793339 0.9428601 0.22793002
1.4293339 0.6928601 0.22793002
1.179334 0.6928601 0.22793002
1.1921749 0.9428601 -5.960464e-05
1.4293339 0.19286013 0.22793002
1.179334 0.19286013 0.22793002
1.1921749 0.44286013 -5.960464e-05
1.9421749 0.19286013 -5.960464e-05
1.6793339 0.19286013 0.22793002
1.6921749 0.44286013 -5.960464e-05
0.4421749 0.6928601 -5.960464e-05
0.17933398 0.6928601 0.17500386
0.17933398 0.9428601 0.17500386
0.42933398 0.19286013 0.22793002
0.17933398 0.19286013 0.22793002
0.17933398 0.44286013 0.17500386
0.929334 0.19286013 0.22793002
0.679334 0.19286013 0.22793002
0.6921749 0.44286013 -5.960464e-05
0.4421749 1.6928601 -5.960464e-05
0.17933398 1.6928601 0.22793002
0.19217491 1.9428601 -5.960464e-05
0.4421749 1.1928601 -5.960464e-05
0.17933398 1.1928601 0.17500386
0.17933398 1.4428601 0.17500386
0.9421749 1.1928601 -5.960464e-05
0.6921749 1.1928601 -5.960464e-05
0.6921749 1.4428601 -5.960464e-05
1.4293339 1.6928601 0.22793002
1.179334 1.6928601 0.22793002
1.1921749 1.9428601 -5.960464e-05
1.4293339 1.1928601 0.22793002
1.179334 1.1928601 0.22793002
1.1921749 1.4428601 -5.960464e-05
1.9421749 1.1928601 -5.960464e-05
1.6793339 1.1928601 0.22793002
1.6921749 1.4428601 -5.960464e-05
1.9421749 1.4428601 -5.960464e-05
1.4421749 1.4428601 -5.960464e-05
1.4421749 1.9428601 -5.960464e-05
0.929334 1.4428601 0.22793002
0.4421749 1.4428601 -5.960464e-05
0.4421749 1.9428601 -5.960464e-05
0.9421749 0.44286013 -5.960464e-05
0.42933398 0.44286013 0.22793002
0.4421749 0.9428601 -5.960464e-05
1.9421749 0.44286013 -5.960464e-05
1.4421749 0.44286013 -5.960464e-05
1.4421749 0.9428601 -5.960464e-05
1.9421749 0.9428601 -5.960464e-05
0.929334 0.9428601 0.22793002
0.9421749 1.9428601 -5.960464e-05
1.9421749 1.9428601 -5.960464e-05
